=== Run information ===

Scheme:       weka.clusterers.SimpleKMeans -init 0 -max-candidates 100 -periodic-pruning 10000 -min-density 2.0 -t1 -1.25 -t2 -1.0 -N 50 -A "weka.core.EuclideanDistance -R first-last" -I 500 -num-slots 1 -S 10
Relation:     Data_Picidae_2010_clustering
Instances:    8945
Attributes:   4
              LATITUDE
              LONGITUDE
              AOU
              SPECIESTOTAL
Test mode:    evaluate on training data


=== Clustering model (full training set) ===


kMeans
======

Number of iterations: 55
Within cluster sum of squared errors: 56.37799318479889

Initial starting points (random):

Cluster 0: 51.979,-121.465,4130,17
Cluster 1: 42.399,-88.915,4120,3
Cluster 2: 33.754,-83.174,4050,3
Cluster 3: 29.921,-101.241,3960,2
Cluster 4: 44.833,-68.256,4050,3
Cluster 5: 37.333,-78.983,4120,4
Cluster 6: 40.803,-123.483,3930,1
Cluster 7: 39.399,-89.831,4120,1
Cluster 8: 45.828,-82.161,3930,3
Cluster 9: 51.662,-115.407,3920,1
Cluster 10: 39.669,-74.914,4120,2
Cluster 11: 33.967,-90.766,3930,1
Cluster 12: 45.432,-107.721,3940,3
Cluster 13: 34.15,-88.819,4120,1
Cluster 14: 55.499,-114.914,4010,1
Cluster 15: 36.42,-75.925,4050,2
Cluster 16: 27.963,-80.967,3940,2
Cluster 17: 39.628,-76.007,4090,11
Cluster 18: 35.494,-87.679,4060,4
Cluster 19: 44.744,-78.759,4020,8
Cluster 20: 50.076,-96.6,3930,2
Cluster 21: 30.939,-104.155,3960,2
Cluster 22: 39.24,-111.859,4130,1
Cluster 23: 33.145,-81.048,4090,7
Cluster 24: 46.631,-74.749,4020,4
Cluster 25: 44.346,-65.278,4120,1
Cluster 26: 46.665,-120.488,3940,1
Cluster 27: 41.052,-73.617,4090,5
Cluster 28: 42.062,-120.16,3930,4
Cluster 29: 36.661,-93.91,3940,3
Cluster 30: 46.127,-61.339,4120,8
Cluster 31: 35.317,-78.017,3940,3
Cluster 32: 34.915,-99.714,4090,3
Cluster 33: 33.477,-88.171,4090,11
Cluster 34: 43.688,-93.019,3940,1
Cluster 35: 36.211,-92.751,3930,1
Cluster 36: 41.643,-77.911,4020,23
Cluster 37: 42.049,-85.723,4120,1
Cluster 38: 38.491,-112.002,4130,14
Cluster 39: 46.245,-84.722,3930,1
Cluster 40: 39.125,-87.054,3940,1
Cluster 41: 35.828,-81.641,4090,10
Cluster 42: 39.151,-77.093,3940,7
Cluster 43: 52.201,-113.219,3930,2
Cluster 44: 30.22,-82.408,3940,3
Cluster 45: 31.066,-93.496,3930,5
Cluster 46: 46.619,-69.382,4120,2
Cluster 47: 30.964,-85.118,4090,64
Cluster 48: 35.345,-84.397,4120,3
Cluster 49: 42.655,-74.402,3940,1

Missing values globally replaced with mean/mode

Final cluster centroids:
                          Cluster#
Attribute      Full Data         0         1         2         3         4         5         6         7         8         9        10        11        12        13        14        15        16        17        18        19        20        21        22        23        24        25        26        27        28        29        30        31        32        33        34        35        36        37        38        39        40        41        42        43        44        45        46        47        48        49
                (8945.0)    (33.0)   (165.0)   (538.0)   (128.0)   (252.0)   (146.0)    (70.0)   (157.0)   (157.0)    (33.0)   (264.0)   (188.0)    (58.0)   (116.0)   (280.0)   (437.0)    (91.0)   (197.0)   (281.0)   (269.0)    (92.0)    (84.0)   (195.0)   (227.0)   (272.0)   (203.0)   (107.0)   (449.0)    (83.0)    (54.0)    (99.0)   (274.0)   (280.0)   (221.0)   (137.0)   (136.0)    (39.0)   (202.0)   (152.0)   (165.0)   (167.0)   (317.0)   (253.0)    (75.0)   (158.0)   (180.0)   (129.0)    (34.0)   (163.0)   (138.0)
============================================================================================================================================================================================================================================================================================================================================================================================================================================================================================================================================
LATITUDE         40.3785   61.1826   51.6172   32.0933   31.4186   44.1312   35.9799   38.2498    41.665   45.4717   61.5885    40.288   36.0098   42.4086   30.8995   51.4403   37.5864   29.2665   38.1509   40.9179   47.7124   49.2221   39.5341   44.3086   31.6065   44.7098   44.2564   48.0335   41.4803   43.0654   36.5287   46.1476   39.5684    41.261   30.6527   42.3575   35.2444   43.8649   44.6693   35.7365   45.7227   38.8194     35.81   42.3334   53.8665   33.4446   31.1108   48.9364   34.3673   38.9931    45.919
LONGITUDE       -91.4986  -137.324 -116.9368  -88.1861 -103.9301  -75.3636  -81.4994 -120.9925 -106.5851  -76.9632 -145.2916  -78.7568  -80.2103  -105.564  -86.9223 -120.1482  -81.3842  -83.1209  -83.6642  -93.8829  -92.8654  -97.1276 -119.1536 -119.3792  -96.3782  -74.1138  -76.3299 -119.3943  -82.4707  -121.621 -109.1381  -67.2614  -78.8145 -117.4125  -86.5739  -87.1924  -93.4882  -79.3368  -90.0588 -112.5649  -90.0359  -90.5301  -86.2675   -74.685 -118.2515  -84.9493  -92.0925  -97.1454  -105.253  -91.2025  -67.3366
AOU             4035.586 4121.5758 4124.4485 4054.1097 3960.7422 4050.0794      4120 3933.7143 4128.2357 3932.7389 3933.3333      4120 3936.2234 3933.6207 4119.4828 4028.5893 4052.7002 3941.0989 4089.8477 4058.6833 4029.4684 3932.3913 3985.2381 4129.9641 4090.0441  4019.375      4120 3931.5888      4090 3931.3253 3931.4815      4120 3936.7883 4041.8286 4090.3167 3937.7372 3937.1324 4021.5385 4119.1386 4127.8882 3935.3333 3938.2635      4090 3935.9289 3930.5333 3939.3038 3937.9444 4120.4186 4081.4706 4120.0368 3934.3478
SPECIESTOTAL      4.6054    2.7576    4.2909    3.3494    3.2969    2.0873     2.589    2.4143    4.0318    2.1465    1.5455    3.6629    2.8138    2.4655    1.8966    3.5107    2.8535    3.5495   17.3147    2.7331    3.4721      2.25    4.2024    4.9795    6.9339         5    3.1773    1.8037    4.6236    2.8916    2.1852    3.1212    3.3577    3.3714   20.9729    2.7737    2.5221   25.7949    4.2376    5.5526    2.4727    2.5449    7.4543    3.6838    2.3467     3.962    3.4222    3.5504   54.7059    2.5399    2.1812




Time taken to build model (full training data) : 0.82 seconds

=== Model and evaluation on training set ===

Clustered Instances

 0        33 (  0%)
 1       165 (  2%)
 2       538 (  6%)
 3       128 (  1%)
 4       252 (  3%)
 5       146 (  2%)
 6        70 (  1%)
 7       157 (  2%)
 8       157 (  2%)
 9        33 (  0%)
10       264 (  3%)
11       188 (  2%)
12        58 (  1%)
13       116 (  1%)
14       280 (  3%)
15       437 (  5%)
16        91 (  1%)
17       197 (  2%)
18       281 (  3%)
19       269 (  3%)
20        92 (  1%)
21        84 (  1%)
22       195 (  2%)
23       227 (  3%)
24       272 (  3%)
25       203 (  2%)
26       107 (  1%)
27       449 (  5%)
28        83 (  1%)
29        54 (  1%)
30        99 (  1%)
31       274 (  3%)
32       280 (  3%)
33       221 (  2%)
34       137 (  2%)
35       136 (  2%)
36        39 (  0%)
37       202 (  2%)
38       152 (  2%)
39       165 (  2%)
40       167 (  2%)
41       317 (  4%)
42       253 (  3%)
43        75 (  1%)
44       158 (  2%)
45       180 (  2%)
46       129 (  1%)
47        34 (  0%)
48       163 (  2%)
49       138 (  2%)

