=== Run information ===

Scheme:       weka.clusterers.SimpleKMeans -init 0 -max-candidates 100 -periodic-pruning 10000 -min-density 2.0 -t1 -1.25 -t2 -1.0 -N 70 -A "weka.core.EuclideanDistance -R first-last" -I 500 -num-slots 1 -S 10
Relation:     Data_Picidae_2010_clustering
Instances:    8945
Attributes:   4
              LATITUDE
              LONGITUDE
              AOU
              SPECIESTOTAL
Test mode:    evaluate on training data


=== Clustering model (full training set) ===


kMeans
======

Number of iterations: 57
Within cluster sum of squared errors: 42.661147928801455

Initial starting points (random):

Cluster 0: 51.979,-121.465,4130,17
Cluster 1: 42.399,-88.915,4120,3
Cluster 2: 33.754,-83.174,4050,3
Cluster 3: 29.921,-101.241,3960,2
Cluster 4: 44.833,-68.256,4050,3
Cluster 5: 37.333,-78.983,4120,4
Cluster 6: 40.803,-123.483,3930,1
Cluster 7: 39.399,-89.831,4120,1
Cluster 8: 45.828,-82.161,3930,3
Cluster 9: 51.662,-115.407,3920,1
Cluster 10: 39.669,-74.914,4120,2
Cluster 11: 33.967,-90.766,3930,1
Cluster 12: 45.432,-107.721,3940,3
Cluster 13: 34.15,-88.819,4120,1
Cluster 14: 55.499,-114.914,4010,1
Cluster 15: 36.42,-75.925,4050,2
Cluster 16: 27.963,-80.967,3940,2
Cluster 17: 39.628,-76.007,4090,11
Cluster 18: 35.494,-87.679,4060,4
Cluster 19: 44.744,-78.759,4020,8
Cluster 20: 50.076,-96.6,3930,2
Cluster 21: 30.939,-104.155,3960,2
Cluster 22: 39.24,-111.859,4130,1
Cluster 23: 33.145,-81.048,4090,7
Cluster 24: 46.631,-74.749,4020,4
Cluster 25: 44.346,-65.278,4120,1
Cluster 26: 46.665,-120.488,3940,1
Cluster 27: 41.052,-73.617,4090,5
Cluster 28: 42.062,-120.16,3930,4
Cluster 29: 36.661,-93.91,3940,3
Cluster 30: 46.127,-61.339,4120,8
Cluster 31: 35.317,-78.017,3940,3
Cluster 32: 34.915,-99.714,4090,3
Cluster 33: 33.477,-88.171,4090,11
Cluster 34: 43.688,-93.019,3940,1
Cluster 35: 36.211,-92.751,3930,1
Cluster 36: 41.643,-77.911,4020,23
Cluster 37: 42.049,-85.723,4120,1
Cluster 38: 38.491,-112.002,4130,14
Cluster 39: 46.245,-84.722,3930,1
Cluster 40: 39.125,-87.054,3940,1
Cluster 41: 35.828,-81.641,4090,10
Cluster 42: 39.151,-77.093,3940,7
Cluster 43: 52.201,-113.219,3930,2
Cluster 44: 30.22,-82.408,3940,3
Cluster 45: 31.066,-93.496,3930,5
Cluster 46: 46.619,-69.382,4120,2
Cluster 47: 30.964,-85.118,4090,64
Cluster 48: 35.345,-84.397,4120,3
Cluster 49: 42.655,-74.402,3940,1
Cluster 50: 50.026,-125.241,3930,3
Cluster 51: 43.726,-103.506,4080,1
Cluster 52: 46.466,-81.074,4020,2
Cluster 53: 36.047,-82.913,4050,3
Cluster 54: 45.185,-66.774,4050,1
Cluster 55: 46.16,-72.394,3940,1
Cluster 56: 39.038,-76.514,3940,4
Cluster 57: 40.571,-78.139,4090,3
Cluster 58: 35.929,-80.721,3930,1
Cluster 59: 49.565,-96.889,4020,3
Cluster 60: 41.253,-121.824,3930,7
Cluster 61: 35.009,-79.309,3930,1
Cluster 62: 46.726,-113.59,4130,3
Cluster 63: 41.569,-91.27,4120,2
Cluster 64: 40.461,-82.625,4090,12
Cluster 65: 40.918,-80.151,3940,1
Cluster 66: 47.074,-95.573,4050,3
Cluster 67: 40.214,-91.183,4090,2
Cluster 68: 44.93,-91.126,4120,3
Cluster 69: 34.738,-119.045,3990,1

Missing values globally replaced with mean/mode

Final cluster centroids:
                          Cluster#
Attribute      Full Data         0         1         2         3         4         5         6         7         8         9        10        11        12        13        14        15        16        17        18        19        20        21        22        23        24        25        26        27        28        29        30        31        32        33        34        35        36        37        38        39        40        41        42        43        44        45        46        47        48        49        50        51        52        53        54        55        56        57        58        59        60        61        62        63        64        65        66        67        68        69
                (8945.0)    (36.0)   (124.0)   (344.0)    (63.0)   (303.0)   (139.0)    (89.0)    (91.0)   (128.0)    (45.0)   (205.0)   (118.0)    (58.0)    (88.0)   (254.0)   (222.0)    (48.0)   (124.0)   (224.0)   (163.0)    (89.0)    (73.0)   (151.0)   (158.0)    (92.0)   (156.0)   (105.0)   (227.0)    (94.0)    (81.0)    (82.0)   (105.0)   (122.0)    (60.0)   (119.0)   (109.0)    (35.0)   (138.0)   (122.0)   (126.0)   (116.0)   (186.0)    (70.0)    (45.0)    (88.0)   (158.0)   (113.0)    (25.0)   (102.0)   (150.0)    (32.0)   (141.0)   (139.0)   (164.0)   (192.0)    (99.0)   (172.0)   (206.0)   (112.0)    (84.0)    (67.0)    (59.0)   (205.0)   (156.0)   (133.0)   (197.0)   (139.0)   (221.0)   (104.0)   (160.0)
====================================================================================================================================================================================================================================================================================================================================================================================================================================================================================================================================================================================================================================================================================================================================================
LATITUDE         40.3785   61.0813   44.1918   30.9721   29.4816   39.5619   37.7935   36.9351   37.9383   45.7136    52.786   41.0743   33.7649   41.7044   30.3002   51.7173   34.8452   28.2069   38.8699   35.7515   43.4736   49.2228   33.5199   42.0138    30.289   46.3513    44.504   47.4035   41.0998   42.2508   39.4382   46.2975   35.5362   35.3184   30.5417   43.4694   34.8422   44.0108   40.9988    35.158   46.2556   40.4244   31.0164   41.0894   53.9128   31.1332   30.9984   46.7295    35.494   34.7034   43.8125   61.7411   42.0883   46.6193   41.4799   44.3923   46.4176   38.8927   35.4804   37.1119    48.963   39.5167   35.7523   50.2758   41.9492   37.2362   41.6104   47.3013   42.0598   49.7306   40.6823
LONGITUDE       -91.4986 -135.2199  -94.4843  -87.7156  -99.2731  -80.7264   -79.647 -115.6394  -93.6039  -77.8989 -124.6068  -76.8649  -86.1321 -106.1817  -87.0047 -120.8727  -81.1908  -81.8978  -78.3461   -92.034  -75.7595  -97.3866 -109.2922 -120.8699  -94.6966  -69.2797  -75.4248 -118.9137  -77.4444 -121.8669  -94.5861  -66.4033  -79.4105   -99.109   -88.028  -89.1334  -94.7023  -79.9033  -86.8027 -110.7691  -90.0448  -85.4812   -85.169  -75.8186 -113.3764  -84.5904  -92.3316  -86.9042 -109.9463  -84.5061  -72.0139 -145.6369 -120.8006  -88.4474  -94.9212  -73.7698  -66.2427  -78.4506  -82.8134   -88.013 -103.0082 -121.0479  -80.1002  -117.792 -107.8585  -90.7964   -77.058  -91.4502  -89.3148  -99.1827 -113.6803
AOU             4035.586 4121.4444 4120.2419 4054.0407      3960 4052.4422      4120 3931.3483 4120.1319  3933.125 3930.2222      4120 3938.9831 3933.1034      4120 4029.4606 4053.1982 3940.2083      4090 4055.0446 4019.7546 3932.1348 3961.8493 4129.9536 4092.2152 4018.8043      4120 3931.3333      4090 3931.9149 3938.2716      4120  3940.381  4087.377    4090.5 3937.2269 3936.6972 4021.7143      4120 4127.5656 3934.9206 3937.8448 4089.8387 3939.7143 3931.7778 3941.0227 3937.8481      4120    4078.8      4120 3934.0667 3933.4375 4059.2908 4018.8489 4059.5122      4050 3934.6465  3936.686      4090 3937.8571   4016.75  3981.791 3928.6441 4127.0927 4129.1346 4089.5489  3935.533  4051.223      4090 4120.4615 4025.0313
SPECIESTOTAL      4.6054    2.6944    3.0565    3.5814    3.9683    2.5116    3.4245    2.2247    2.7473     2.125    2.2222    3.7317    3.5847    2.6034    1.8977     3.685     3.045    3.2708   14.9355    2.6696    5.9202    2.2809    2.5753    5.2848     7.981    3.8478    2.8269    1.8381    3.8546    2.9574    2.3704    3.2805    3.8476    4.5492   34.2333    2.4034     2.422   26.8857    2.6304    5.8934    2.4286    2.6293   16.6452    9.7857    2.1778    3.7614    3.4873    6.0354     57.24     1.902    2.8467    1.5313    4.7092     4.482    3.2744    2.0469    2.0404     2.686    7.1262    3.1875    2.4405    4.7612    1.7627    4.3854    3.9551   16.8271     2.198    2.6547    4.9955    3.3077    2.2437




Time taken to build model (full training data) : 1.05 seconds

=== Model and evaluation on training set ===

Clustered Instances

 0        36 (  0%)
 1       124 (  1%)
 2       344 (  4%)
 3        63 (  1%)
 4       303 (  3%)
 5       139 (  2%)
 6        89 (  1%)
 7        91 (  1%)
 8       128 (  1%)
 9        45 (  1%)
10       205 (  2%)
11       118 (  1%)
12        58 (  1%)
13        88 (  1%)
14       254 (  3%)
15       222 (  2%)
16        48 (  1%)
17       124 (  1%)
18       224 (  3%)
19       163 (  2%)
20        89 (  1%)
21        73 (  1%)
22       151 (  2%)
23       158 (  2%)
24        92 (  1%)
25       156 (  2%)
26       105 (  1%)
27       227 (  3%)
28        94 (  1%)
29        81 (  1%)
30        82 (  1%)
31       105 (  1%)
32       122 (  1%)
33        60 (  1%)
34       119 (  1%)
35       109 (  1%)
36        35 (  0%)
37       138 (  2%)
38       122 (  1%)
39       126 (  1%)
40       116 (  1%)
41       186 (  2%)
42        70 (  1%)
43        45 (  1%)
44        88 (  1%)
45       158 (  2%)
46       113 (  1%)
47        25 (  0%)
48       102 (  1%)
49       150 (  2%)
50        32 (  0%)
51       141 (  2%)
52       139 (  2%)
53       164 (  2%)
54       192 (  2%)
55        99 (  1%)
56       172 (  2%)
57       206 (  2%)
58       112 (  1%)
59        84 (  1%)
60        67 (  1%)
61        59 (  1%)
62       205 (  2%)
63       156 (  2%)
64       133 (  1%)
65       197 (  2%)
66       139 (  2%)
67       221 (  2%)
68       104 (  1%)
69       160 (  2%)

