=== Run information ===

Scheme:       weka.clusterers.SimpleKMeans -init 0 -max-candidates 100 -periodic-pruning 10000 -min-density 2.0 -t1 -1.25 -t2 -1.0 -N 60 -A "weka.core.EuclideanDistance -R first-last" -I 500 -num-slots 1 -S 10
Relation:     Data_Picidae_2010_clustering
Instances:    8945
Attributes:   4
              LATITUDE
              LONGITUDE
              AOU
              SPECIESTOTAL
Test mode:    evaluate on training data


=== Clustering model (full training set) ===


kMeans
======

Number of iterations: 55
Within cluster sum of squared errors: 47.32485275068912

Initial starting points (random):

Cluster 0: 51.979,-121.465,4130,17
Cluster 1: 42.399,-88.915,4120,3
Cluster 2: 33.754,-83.174,4050,3
Cluster 3: 29.921,-101.241,3960,2
Cluster 4: 44.833,-68.256,4050,3
Cluster 5: 37.333,-78.983,4120,4
Cluster 6: 40.803,-123.483,3930,1
Cluster 7: 39.399,-89.831,4120,1
Cluster 8: 45.828,-82.161,3930,3
Cluster 9: 51.662,-115.407,3920,1
Cluster 10: 39.669,-74.914,4120,2
Cluster 11: 33.967,-90.766,3930,1
Cluster 12: 45.432,-107.721,3940,3
Cluster 13: 34.15,-88.819,4120,1
Cluster 14: 55.499,-114.914,4010,1
Cluster 15: 36.42,-75.925,4050,2
Cluster 16: 27.963,-80.967,3940,2
Cluster 17: 39.628,-76.007,4090,11
Cluster 18: 35.494,-87.679,4060,4
Cluster 19: 44.744,-78.759,4020,8
Cluster 20: 50.076,-96.6,3930,2
Cluster 21: 30.939,-104.155,3960,2
Cluster 22: 39.24,-111.859,4130,1
Cluster 23: 33.145,-81.048,4090,7
Cluster 24: 46.631,-74.749,4020,4
Cluster 25: 44.346,-65.278,4120,1
Cluster 26: 46.665,-120.488,3940,1
Cluster 27: 41.052,-73.617,4090,5
Cluster 28: 42.062,-120.16,3930,4
Cluster 29: 36.661,-93.91,3940,3
Cluster 30: 46.127,-61.339,4120,8
Cluster 31: 35.317,-78.017,3940,3
Cluster 32: 34.915,-99.714,4090,3
Cluster 33: 33.477,-88.171,4090,11
Cluster 34: 43.688,-93.019,3940,1
Cluster 35: 36.211,-92.751,3930,1
Cluster 36: 41.643,-77.911,4020,23
Cluster 37: 42.049,-85.723,4120,1
Cluster 38: 38.491,-112.002,4130,14
Cluster 39: 46.245,-84.722,3930,1
Cluster 40: 39.125,-87.054,3940,1
Cluster 41: 35.828,-81.641,4090,10
Cluster 42: 39.151,-77.093,3940,7
Cluster 43: 52.201,-113.219,3930,2
Cluster 44: 30.22,-82.408,3940,3
Cluster 45: 31.066,-93.496,3930,5
Cluster 46: 46.619,-69.382,4120,2
Cluster 47: 30.964,-85.118,4090,64
Cluster 48: 35.345,-84.397,4120,3
Cluster 49: 42.655,-74.402,3940,1
Cluster 50: 50.026,-125.241,3930,3
Cluster 51: 43.726,-103.506,4080,1
Cluster 52: 46.466,-81.074,4020,2
Cluster 53: 36.047,-82.913,4050,3
Cluster 54: 45.185,-66.774,4050,1
Cluster 55: 46.16,-72.394,3940,1
Cluster 56: 39.038,-76.514,3940,4
Cluster 57: 40.571,-78.139,4090,3
Cluster 58: 35.929,-80.721,3930,1
Cluster 59: 49.565,-96.889,4020,3

Missing values globally replaced with mean/mode

Final cluster centroids:
                          Cluster#
Attribute      Full Data         0         1         2         3         4         5         6         7         8         9        10        11        12        13        14        15        16        17        18        19        20        21        22        23        24        25        26        27        28        29        30        31        32        33        34        35        36        37        38        39        40        41        42        43        44        45        46        47        48        49        50        51        52        53        54        55        56        57        58        59
                (8945.0)    (33.0)   (161.0)   (389.0)   (125.0)   (294.0)   (144.0)    (49.0)   (158.0)   (128.0)    (66.0)   (264.0)   (131.0)    (56.0)   (119.0)   (275.0)   (270.0)    (48.0)   (168.0)   (247.0)   (179.0)    (91.0)    (74.0)   (195.0)   (210.0)    (95.0)   (205.0)    (88.0)   (287.0)    (71.0)    (51.0)    (97.0)   (119.0)   (143.0)   (169.0)   (134.0)   (118.0)    (34.0)   (193.0)   (150.0)   (160.0)   (160.0)   (222.0)    (78.0)    (63.0)   (118.0)   (171.0)   (130.0)    (32.0)   (163.0)   (214.0)    (33.0)   (139.0)   (171.0)   (199.0)   (188.0)   (127.0)   (266.0)   (233.0)    (73.0)   (177.0)
================================================================================================================================================================================================================================================================================================================================================================================================================================================================================================================================================================================================================================================
LATITUDE         40.3785   61.1826   51.6928   31.2784   31.3683   39.7742   36.0048   37.7043   41.6414   45.6924   49.7696    40.288   34.7434   42.0129   31.1116   51.5217   35.0564   28.2069   38.0794   37.9276   43.6799   49.2457   38.6298   44.3086   30.3512   46.4002   44.2612   45.9196   40.5602   41.6989    36.408   46.1765   36.0944   35.3939    30.785   42.4784   35.2785    43.917   44.6547   35.7339   45.7843   38.9151   35.1166   41.0297   54.2612   31.5408   31.1495   48.9059   34.3965   39.0863   42.9854   61.5885   42.0309   47.6504   46.0792   44.5004   46.1082   39.9014   42.0986   36.1488   41.1531
LONGITUDE       -91.4986  -137.324 -116.9022  -88.1984 -103.6163  -80.5192  -81.4074 -120.7734 -106.5765  -77.8927 -120.7532  -78.7568  -86.0404  -104.941  -87.2844 -120.2554  -82.1324  -81.8978  -85.5328  -93.7187  -76.4153  -97.1447 -120.6242 -119.3792  -91.7735  -69.5586  -76.2792 -118.6587  -77.5582 -122.0866 -109.4183  -67.1816  -79.1931   -98.543  -87.1329  -87.4737  -94.3621   -79.919  -89.8246 -112.6971  -90.1071  -90.5132  -82.9197  -76.1408 -117.6489  -84.7583  -92.3616  -97.1683 -105.4225  -91.2347   -73.973 -145.2916 -120.8595  -91.8557  -92.6798  -73.7298  -67.1091  -78.6421   -89.303  -80.6249 -113.3487
AOU             4035.586 4121.5758 4125.5528 4054.1388   3960.52  4052.449      4120 3932.0408 4128.2468 3933.0469 3931.9697      4120  3938.855 3933.5714      4120 4028.4364 4053.4074 3940.2083 4089.8214 4056.6802 4019.6648 3932.3077 3979.1892 4129.9641 4091.2857 4018.8421      4120 3931.4773      4090  3931.831 3930.9804      4120 3940.3361 4087.8322  4090.355 3937.5373 3937.4576 4021.7647 4120.0311 4127.9267 3935.3125 3938.3125      4090 3939.7436 3930.3175 3940.4237 3937.7778 4120.4154 4081.5625 4120.0368 3934.5794 3933.3333 4059.5683 4018.4211 4053.5678      4050 3934.5669  3936.203 4089.8712 3928.9041 4023.9266
SPECIESTOTAL      4.6054    2.7576    4.2919     3.437     3.272    2.5068    2.5972    2.3061    4.0316     2.125    2.1667    3.6629    3.5267     2.625    1.8739    3.5455    3.0667    3.2708   17.9702    3.0607    5.8324    2.2637    4.6486    4.9795    8.7381    3.9158    3.1659    1.7955    5.1951    3.1831    2.0784    3.1443    3.6723    5.5105    23.574    2.4254    2.5847   27.2059    4.3523    5.5933       2.5    2.5688    8.5766    9.4872     2.254    3.7119    3.4444    3.5385     55.75    2.5337    2.5841    1.5455    4.7626    3.9474    2.6734    2.0851    2.1732    2.4323    4.7897    1.7534     2.226




Time taken to build model (full training data) : 0.89 seconds

=== Model and evaluation on training set ===

Clustered Instances

 0        33 (  0%)
 1       161 (  2%)
 2       389 (  4%)
 3       125 (  1%)
 4       294 (  3%)
 5       144 (  2%)
 6        49 (  1%)
 7       158 (  2%)
 8       128 (  1%)
 9        66 (  1%)
10       264 (  3%)
11       131 (  1%)
12        56 (  1%)
13       119 (  1%)
14       275 (  3%)
15       270 (  3%)
16        48 (  1%)
17       168 (  2%)
18       247 (  3%)
19       179 (  2%)
20        91 (  1%)
21        74 (  1%)
22       195 (  2%)
23       210 (  2%)
24        95 (  1%)
25       205 (  2%)
26        88 (  1%)
27       287 (  3%)
28        71 (  1%)
29        51 (  1%)
30        97 (  1%)
31       119 (  1%)
32       143 (  2%)
33       169 (  2%)
34       134 (  1%)
35       118 (  1%)
36        34 (  0%)
37       193 (  2%)
38       150 (  2%)
39       160 (  2%)
40       160 (  2%)
41       222 (  2%)
42        78 (  1%)
43        63 (  1%)
44       118 (  1%)
45       171 (  2%)
46       130 (  1%)
47        32 (  0%)
48       163 (  2%)
49       214 (  2%)
50        33 (  0%)
51       139 (  2%)
52       171 (  2%)
53       199 (  2%)
54       188 (  2%)
55       127 (  1%)
56       266 (  3%)
57       233 (  3%)
58        73 (  1%)
59       177 (  2%)

